(
    land_cell_count: 6378,
    coast_cell_count: 381,
    river_cell_count: 69,
    basin_count: 498,
    river_mouth_count: 8,
    max_elevation: 0.92005455,
    max_elevation_filled: 0.92005455,
    mean_slope: 0.009895765,
    longest_river_length: 487.0,
    total_drainage_area: 4.536133,
    mean_precipitation: 0.29615343,
    windward_leeward_precip_ratio: 1.383659,
    mean_temperature_c: 20.281832,
    mean_soil_moisture: 0.25507328,
    biome_coverage_percent: (0.0, 0.0, 0.0, 0.0, 0.0, 75.57228, 19.786768, 4.640953),
    hex_count: 4096,
    height_blake3: (108, 6, 112, 88, 182, 11, 101, 95, 17, 120, 131, 25, 239, 199, 136, 171, 84, 46, 248, 220, 156, 88, 124, 99, 40, 214, 68, 92, 197, 98, 73, 143),
    z_filled_blake3: (114, 82, 206, 230, 159, 137, 122, 120, 126, 227, 171, 39, 70, 168, 99, 77, 149, 134, 239, 37, 22, 19, 245, 235, 224, 49, 228, 137, 40, 163, 206, 247),
    flow_dir_blake3: (161, 30, 3, 244, 29, 229, 97, 18, 44, 169, 127, 238, 105, 121, 217, 212, 217, 73, 87, 72, 145, 172, 183, 87, 178, 204, 180, 148, 231, 229, 241, 250),
    accumulation_blake3: (71, 75, 124, 203, 95, 94, 34, 43, 131, 181, 68, 228, 170, 213, 85, 156, 108, 218, 199, 75, 111, 55, 94, 122, 226, 191, 37, 201, 77, 78, 202, 223),
    basin_id_blake3: (219, 163, 14, 128, 121, 76, 145, 101, 135, 230, 245, 34, 41, 31, 200, 203, 225, 120, 146, 239, 184, 134, 183, 106, 247, 132, 27, 132, 255, 98, 64, 52),
    river_mask_blake3: (177, 76, 247, 178, 74, 122, 204, 253, 137, 97, 248, 92, 232, 77, 144, 230, 209, 173, 41, 82, 171, 169, 152, 232, 222, 176, 80, 136, 59, 17, 50, 93),
)